-1082
-1281
-365
-1433
-1379
1687
-1731
-1902
-112
-990
-476
1972
-1862
1569
413
966
1218
-1433
-1726
1506
1265
1924
-149
-305
1165
-1119
1692
-1378
199
1247
1042
356
-294
230
-538
-349
215
1258
-640
1234
1715
1215
-396
1407
803
-1460
1613
1460
-1327
117
-1735
1753
-964
-255
-29
-1619
-1266
601
-1018
-492
-1452
-143
1649
1467
-1111
1347
-1074
-1982
-1662
275
-1270
1887
-1315
-570
1276
-613
1898
1478
-1956
582
-27
-1772
106
948
685
1052
-665
1022
-427
1141
-824
-1970
667
806
1847
766
-1964
1417
-1872
-59
-499
-932
-662
-969
-1169
848
-812
268
1222
445
233
-1243
1408
-975
-1388
-1413
852
-879
1996
765
150
-844
-970
588
433
-391
-338
1989
-1227
599
827
1620
-1924
-878
235
370
-1887
1755
-1965
-1260
679
531
436
-99
-1232
48
-1797
-1385
-237
-1783
1354
1929
834
659
-1250
-1721
-96
-801
588
-59
-1160
-379
587
559
-1186
-160
1574
-1661
-1463
532
534
-1656
-405
1552
-1435
80
874
1872
-1129
-845
1825
-539
1626
-1284
1959
418
1327
-674
882
-1560
-549
1233
-1731
212
-44
-1024
1089
-919
635
-344
